29.368
28.993
29.393
28.97
29.481
28.837
29.456
27.497
26.72
27.093
25.684
25.245
23.779
25.503
25.454
25.963
24.716
24.424
23.892
24.956
25.611
26.596
26.927
26.263
25.283
23.369
22.484
23.456
22.321
21.277
21.59
20.029
18.93
17.629
16.422
15.148
15.241
14.969
14.583
15.084
19.199
19.165
19.451
19.709
19.653
17.99
21.046
21.187
22.019
23.312
24.281
25.692
26.558
26.0
27.801
23.147
23.751
22.317
22.066
21.348
21.115
22.443
20.357
21.275
21.564
20.277
19.479
18.439
20.397
20.285
21.324
22.265
23.057
23.201
23.477
23.691
24.584
25.152
23.852
24.397
22.611
21.805
20.495
20.651
19.072
19.307
21.541
21.606
21.267
21.033
20.538
20.25
19.46
19.351
18.536
22.294
22.235
23.437
24.705
25.872
27.175
28.309
29.058
29.993
30.308
30.617
24.965
25.489
24.572
24.767
25.015
26.353
26.581
27.844
28.442
27.532
23.619
23.575
22.701
21.7
20.465
19.805
20.145
19.013
19.304
18.801
19.059
19.454
17.703
16.614
17.824
16.654
17.049
18.058
19.121
17.774
15.847
16.315
14.623
13.715
13.324
11.858
11.043
11.504
14.173
13.645
15.12
15.557
16.791
17.419
18.396
18.951
18.53
19.093
17.561
17.014
14.406
13.783
14.107
12.938
13.126
14.121
13.467
14.466
14.249
13.063
15.232
11.637
10.676
11.629
10.446
10.247
9.209
11.227
11.104
11.652
10.75
9.648
8.812
9.073
8.25
10.16
10.996
11.788
12.994
10.993
11.538
10.404
9.802
12.515
12.469
13.373
14.392
15.136
16.439
17.415
17.056
13.826
14.439
12.656
12.028
11.743
11.841
11.407
11.212
10.717
9.247
8.427
8.901
12.478
12.427
13.599
14.883
15.929
15.616
15.112
14.946
15.332
15.358
15.805
16.243
16.221
15.756
15.354
15.867
15.171
15.537
15.479
15.782
16.48
14.661
15.161
13.36
12.443
11.016
9.756
12.842
12.882
13.122
13.559
13.796
14.815
14.887
15.804
17.037
18.049
16.809
17.445
15.903
15.586
14.514
13.997
15.05
14.447
15.512
15.127
15.654
14.184
13.618
12.14
11.32
11.349
10.588
9.813
9.783
10.552
14.404
14.298
15.237
16.107
16.598
15.518
14.929
15.429
13.952
17.297
17.652
17.894
19.199
20.299
20.195
19.359
20.422
18.345
18.464
18.518
18.049
17.464
18.314
19.663
20.345
19.92
20.959
20.821
19.478
18.746
17.531
17.05
17.78
18.985
22.381
23.338
22.508
23.802
23.637
24.967
26.018
24.914
24.366
23.807
25.467
26.059
27.251
26.885
28.387
26.527
26.646
26.802
27.345
28.372
29.575
30.711
31.427
30.864
26.292
26.633
25.017
23.919
22.57
23.986
24.171
23.836
23.694
24.971
26.151
25.31
22.574
22.351
21.875
20.838
19.493
19.493
19.452
19.541
20.714
20.659
20.722
20.619
21.254
21.587
22.965
23.247
24.06
24.262
24.678
19.16
18.289
18.903
17.56
17.339
17.576
18.282
17.001
17.346
18.31
16.078
15.718
14.176
13.578
13.571
16.368
16.769
16.494
17.057
16.529
17.078
17.801
16.794
18.591
19.166
19.245
20.701
21.409
22.621
20.667
21.212
20.331
19.066
21.331
20.804
22.021
22.252
23.695
23.958
23.938
21.997
22.283
21.424
21.173
19.833
18.635
18.772
17.519
22.271
22.668
22.754
23.904
25.115
25.599
26.633
27.089
26.504
26.958
25.47
25.027
23.668
23.191
24.051
24.197
22.941
21.931
23.015
21.951
22.268
23.329
22.583
22.559
20.614
19.578
20.636
19.404
19.316
18.998
19.305
17.546
19.227
18.398
20.009
19.816
18.65
18.988
20.059
21.263
19.638
19.683
18.724
20.701
20.725
21.632
21.975
20.956
21.808
21.145
22.102
20.417
20.485
19.099
18.965
18.986
18.82
21.518
21.631
22.238
23.229
24.161
23.419
22.631
23.366
21.325
20.671
19.208
18.364
18.793
18.86
19.489
20.11
19.499
20.786
20.954
20.728
20.781
19.449
18.363
17.324
16.517
17.036
16.58
17.315
18.483
18.941
18.208
21.874
22.356
22.245
22.853
22.079
20.623
19.605
18.406
18.635
17.743
18.264
19.635
20.527
20.024
24.336
24.997
24.851
26.254
26.451
25.627
26.815
26.051
28.142
28.791
29.952
30.647
30.006
31.926
29.327
30.136
28.876
29.442
28.422
27.245
27.207
26.346
30.102
30.557
30.161
30.797
30.077
30.604
28.888
28.174
28.467
27.917
27.853
26.872
26.83
27.732
25.893
26.664
25.865
26.271
24.858
24.252
22.738
24.584
24.699
24.761
24.53
24.451
24.745
24.129
24.471
23.447
22.295
23.885
23.01
22.655
21.841
23.261
22.945
23.324
24.733
23.629
24.459
23.257
23.901
22.874
22.167
23.071
23.317
22.504
22.817
21.38
24.572
24.457
25.286
25.997
27.492
28.324
27.794
29.648
25.775
26.701
24.531
24.148
22.629
22.016
20.493
22.555
24.709
24.831
25.081
25.753
25.378
23.627
27.266
27.965
27.752
29.176
29.622
28.806
28.029
28.957
30.069
31.047
29.725
30.45
29.78
30.142
28.269
27.611
30.507
29.602
31.564
32.82
33.448
32.927
31.506
30.469
30.321
29.711
28.726
27.981
26.963
29.331
28.665
30.587
31.27
32.68
33.457
31.328
31.383
31.298
31.333
31.44
30.115
30.141
29.043
27.786
26.632
26.43
25.478
25.919
27.81
26.83
28.917
29.039
29.579
28.795
29.368
27.32
29.912
30.065
30.463
31.386
31.951
32.782
30.744
29.544
31.555
31.092
32.141
33.373
30.708
29.884
31.313
31.034
32.308
32.141
31.018
33.176
29.865
29.983
28.749
27.515
26.217
26.212
26.038
24.643
27.445
26.432
28.507
28.47
29.838
29.78
30.211
27.996
27.082
28.606
28.252
29.21
26.793
26.077
26.331
24.916
24.616
25.055
23.981
22.978
24.309
23.458
23.889
23.133
23.656
23.423
22.343
24.591
24.651
26.104
26.788
26.138
28.106
23.9
23.211
24.009
23.292
23.884
23.284
21.783
20.973
21.404
19.986
19.816
19.353
18.199
20.111
19.598
20.609
20.704
21.828
21.889
23.005
19.241
18.201
20.09
19.787
21.005
20.884
22.111
23.395
23.418
18.55
17.653
18.488
17.365
17.576
16.342
18.831
19.335
16.037
15.076
15.991
14.745
14.834
15.625
13.443
14.299
13.148
15.212
14.928
16.166
16.531
14.51
14.245
14.451
14.256
14.705
14.687
15.472
13.905
12.821
12.598
11.86
10.479
9.433
8.34
9.765
8.789
8.697
8.123
7.26
8.602
9.037
8.448
9.891
10.188
10.669
11.408
10.231
10.722
10.679
11.799
11.989
12.861
10.047
10.441
9.066
8.47
7.273
6.167
5.943
5.468
9.504
9.277
10.638
11.73
12.928
12.153
12.623
12.007
12.274
12.877
14.289
15.427
16.534
16.129
16.884
16.209
14.81
14.053
14.721
10.956
10.107
10.781
9.533
9.529
8.355
9.502
9.207
8.048
10.22
10.011
11.255
9.549
8.785
10.023
9.484
10.243
9.608
9.838
9.042
8.274
7.32
6.706
7.004
7.943
8.597
7.99
7.192
7.613
6.213
6.012
4.547
4.316
4.957
4.492
3.352
5.184
5.368
4.285
5.869
5.074
5.516
5.078
4.042
5.861
5.083
4.156
6.106
6.258
7.436
7.343
8.516
8.469
9.31
10.233
9.214
6.413
6.287
6.694
6.924
8.327
9.647
5.921
5.443
5.636
4.755
4.524
3.657
3.511
2.86
2.756
3.433
2.765
3.077
1.809
1.777
0.787
2.858
2.935
3.793
3.354
5.177
3.515
3.937
3.535
4.111
3.563
4.025
4.498
3.883
5.633
6.255
6.224
7.671
8.11
7.539
7.697
8.487
9.659
7.871
8.531
7.616
7.276
5.965
5.626
5.219
9.024
10.023
8.359
8.763
7.825
10.204
10.889
10.674
12.03
12.208
11.417
10.202
9.762
10.692
10.692
11.764
12.843
12.846
11.751
13.139
14.278
12.804
13.788
14.023
14.578
12.746
12.974
13.457
14.111
12.465
12.073
10.854
11.162
9.933
10.298
10.711
10.811
11.025
13.235
13.955
13.431
14.497
15.844
16.708
16.027
17.337
17.411
16.891
17.73
16.944
18.963
19.534
20.753
21.29
21.99
22.845
22.644
21.606
23.486
19.898
20.782
19.185
19.317
18.131
18.119
16.738
19.174
19.465
20.026
19.023
