29.368
28.993
27.497
27.093
25.684
25.454
24.716
24.424
23.369
23.456
22.321
21.277
20.029
18.93
19.199
19.451
19.709
21.046
22.019
23.312
23.147
22.317
22.066
21.275
20.277
19.479
20.397
21.324
22.265
23.201
23.691
24.584
23.852
22.611
21.805
21.541
21.267
21.033
22.294
23.437
24.705
24.965
24.572
24.767
23.619
22.701
21.7
20.465
20.145
19.013
17.703
17.824
16.654
15.847
14.623
13.715
14.173
15.12
15.557
14.406
14.107
12.938
11.637
11.629
10.446
10.247
11.227
11.104
11.788
10.993
11.538
12.515
13.373
14.392
13.826
12.656
12.028
11.743
11.407
11.212
12.478
13.599
14.883
15.354
15.171
15.537
14.661
13.36
12.443
12.842
13.122
13.559
14.815
15.804
17.037
16.809
15.903
15.586
15.127
14.184
13.618
14.404
15.237
16.107
17.297
17.894
19.199
19.359
18.345
18.464
19.663
19.92
20.959
22.381
22.508
23.802
24.366
25.467
26.059
26.527
26.802
27.345
26.292
25.017
23.919
23.986
23.836
23.694
22.574
21.875
20.838
20.714
20.722
20.619
19.16
18.903
17.56
17.346
16.078
15.718
16.368
16.494
17.057
18.591
19.245
20.701
21.409
20.667
21.212
21.331
22.021
22.252
21.997
21.424
21.173
22.271
22.754
23.904
23.668
24.051
24.197
22.941
23.015
21.951
20.614
20.636
19.404
19.227
20.009
19.816
19.683
20.701
20.725
21.145
20.417
20.485
21.518
22.238
23.229
22.631
21.325
20.671
20.786
20.728
20.781
21.874
22.245
22.853
24.336
24.851
26.254
26.815
28.142
28.791
29.327
28.876
29.442
30.102
30.161
30.797
30.077
28.888
28.174
26.664
26.271
24.858
24.699
24.53
24.471
23.447
23.885
23.01
22.655
23.261
22.945
23.629
23.257
23.901
24.572
25.286
25.997
25.775
24.531
24.148
24.709
25.081
25.753
27.266
27.752
29.176
30.069
29.725
30.45
30.507
31.564
31.506
30.469
29.711
28.726
29.331
30.587
31.27
31.328
31.298
31.333
30.115
29.043
27.786
27.81
28.917
29.039
29.912
30.463
31.386
30.744
31.555
31.092
30.708
31.313
31.034
29.865
28.749
27.515
27.445
28.507
28.47
27.996
28.606
28.252
26.793
26.331
24.916
23.981
24.309
23.458
23.423
24.591
24.651
23.9
24.009
23.292
21.783
21.404
19.986
19.353
20.111
19.598
19.241
20.09
19.787
18.55
18.488
17.365
16.037
15.991
14.745
14.299
15.212
14.928
14.51
14.451
14.256
12.821
11.86
10.479
9.433
9.765
8.789
9.037
9.891
10.188
10.669
10.231
10.722
10.047
9.066
8.47
9.504
10.638
11.73
12.153
12.007
12.274
10.956
10.781
9.533
9.207
10.22
10.011
9.549
10.023
9.484
7.99
7.613
6.213
5.368
5.869
5.074
5.083
6.106
6.258
6.413
6.694
6.924
5.921
5.636
4.755
3.433
3.077
1.809
1.777
2.858
2.935
3.515
3.535
4.111
5.633
6.224
7.671
8.487
7.871
8.531
9.024
8.359
8.763
10.204
10.674
12.03
13.139
12.804
13.788
13.457
12.465
12.073
13.235
13.431
14.497
15.844
16.027
17.337
17.73
18.963
19.534
19.898
19.185
19.317
19.465
