29.578
29.227
29.746
29.01
29.678
29.139
29.672
27.715
26.943
27.297
25.887
25.436
23.931
25.825
25.625
26.063
24.915
24.598
24.042
25.104
25.744
26.724
27.071
26.444
25.46
23.565
22.706
23.656
22.548
21.548
21.879
20.321
19.231
17.923
16.721
15.496
15.641
15.263
14.702
15.455
19.511
19.445
19.826
20.128
20.153
18.533
21.445
21.563
22.433
23.71
24.604
25.993
26.81
26.215
28.053
23.502
24.073
22.669
22.368
21.583
21.226
22.485
20.383
21.586
21.885
20.574
19.831
18.811
20.768
20.654
21.698
22.663
23.519
23.553
23.85
23.984
24.836
25.371
24.079
24.609
22.833
21.999
20.704
20.907
19.398
19.743
21.711
21.748
21.463
21.185
20.804
20.269
19.764
19.484
18.493
22.37
22.188
23.577
24.805
26.024
27.288
28.393
28.953
29.925
30.477
30.346
25.011
25.532
24.586
24.715
25.003
26.377
27.51
28.575
28.173
26.804
23.495
23.32
22.664
21.592
20.336
19.67
19.987
18.8
19.021
19.837
19.769
19.344
17.518
16.44
17.612
16.413
16.756
15.544
14.422
15.718
15.626
16.128
14.399
13.531
13.117
11.959
12.051
10.856
14.101
13.7
15.011
15.456
16.66
17.289
18.204
18.76
18.393
18.935
17.485
16.934
14.282
13.732
13.902
12.717
12.908
13.945
13.406
14.439
14.316
13.196
15.324
11.405
10.475
11.323
10.124
10.013
8.997
11.038
11.021
11.633
10.809
9.766
9.002
9.271
8.5
10.307
11.063
11.758
12.986
10.988
11.536
10.401
9.727
12.511
12.482
13.373
14.451
15.302
16.704
17.541
17.397
13.938
14.569
12.789
12.201
11.931
11.964
11.63
11.422
11.004
9.576
8.647
9.392
12.668
12.593
13.804
15.07
16.144
15.773
15.26
15.025
15.387
15.337
15.767
16.24
16.293
15.854
15.572
16.117
15.407
15.801
15.683
15.975
16.643
14.947
15.458
13.644
12.715
11.293
10.007
13.041
12.999
13.355
13.698
13.875
14.96
15.022
15.955
17.209
18.246
17.025
17.612
16.207
15.882
14.798
14.223
15.287
14.661
15.473
15.394
15.907
14.389
13.751
12.268
11.491
11.536
10.829
10.08
10.038
10.743
14.443
14.244
15.251
16.032
16.485
15.366
14.791
15.441
13.677
17.252
17.559
17.945
19.265
20.317
20.276
19.466
20.522
18.482
18.655
18.786
18.372
17.392
19.124
19.846
20.589
20.009
21.102
21.017
19.726
19.066
17.893
17.383
18.042
19.208
22.512
23.463
22.657
23.951
23.812
25.138
26.209
25.064
24.478
23.884
25.603
26.225
27.411
26.989
28.485
26.73
26.869
26.997
27.529
28.458
29.724
30.799
31.397
31.042
26.469
26.805
25.196
24.124
22.788
24.058
24.107
23.947
23.689
24.916
26.104
25.236
22.527
22.319
21.766
20.692
19.34
19.277
19.132
19.392
20.578
20.571
20.473
20.426
21.042
20.991
21.803
23.03
24.157
24.245
25.21
18.966
18.095
18.698
17.348
17.065
17.139
16.611
17.799
17.161
18.139
15.908
15.604
14.084
13.496
13.412
16.164
16.559
16.207
16.72
16.224
16.804
17.292
16.774
18.254
18.798
18.945
20.408
21.13
22.33
20.406
20.954
20.094
18.789
21.051
20.487
21.779
22.012
23.444
23.667
23.659
21.806
22.141
21.253
21.077
19.746
18.545
18.694
17.422
22.194
22.602
22.668
23.877
25.008
25.489
26.511
26.959
26.387
26.824
25.384
24.931
23.709
23.159
24.214
24.396
23.175
22.156
23.296
22.325
22.878
22.959
22.058
22.93
20.941
19.921
20.906
19.639
19.56
19.33
19.649
17.9
19.428
18.588
20.189
19.917
18.685
18.945
19.917
19.515
21.203
19.754
18.794
20.738
20.743
21.684
21.978
21.05
21.98
21.112
22.052
20.366
20.312
18.869
18.632
19.536
17.396
21.289
21.347
22.025
23.032
24.003
23.352
22.438
23.173
21.124
20.47
18.996
18.215
18.868
18.151
18.166
18.851
17.476
20.569
20.724
20.488
20.434
19.084
17.872
17.09
16.065
16.167
15.363
15.703
16.822
17.621
17.293
21.532
21.976
21.968
22.616
21.884
20.419
19.37
18.184
18.449
17.577
18.128
19.514
20.384
19.85
24.113
24.778
24.645
26.07
26.312
25.476
26.605
25.838
27.922
28.545
29.666
30.327
29.656
31.65
29.104
29.933
28.646
29.222
28.187
27.029
27.034
26.099
29.905
30.395
29.931
30.652
30.031
30.657
28.802
28.147
28.427
28.095
27.828
26.603
26.251
27.027
25.103
26.64
25.868
26.221
24.803
24.227
22.695
24.553
24.684
24.628
24.688
24.744
25.112
24.549
24.692
23.541
22.438
23.818
22.805
22.334
21.331
23.047
22.668
23.006
24.394
23.366
24.319
22.865
23.428
22.327
21.466
22.305
23.278
22.991
21.743
23.963
24.122
23.9
24.953
25.667
27.169
27.969
27.412
29.289
25.334
26.162
24.113
23.626
22.103
21.444
19.942
21.772
24.251
24.296
24.744
25.494
25.187
23.473
26.988
27.747
27.398
28.783
29.155
28.816
27.904
29.539
29.788
30.772
29.527
30.392
29.984
30.412
28.475
28.086
30.345
29.367
31.413
32.724
33.506
32.776
31.332
30.387
30.356
29.609
28.623
27.791
26.822
29.269
28.621
30.538
31.304
32.669
33.447
31.5
31.625
31.518
31.652
31.953
30.398
30.441
29.282
28.06
26.859
26.639
25.612
26.223
28.065
27.096
29.141
29.251
29.728
28.84
29.445
27.414
30.197
30.454
30.721
31.643
32.261
32.924
30.926
29.7
31.692
31.161
32.118
33.407
30.895
30.068
31.61
31.288
32.499
32.305
31.157
33.321
30.104
30.211
28.985
27.755
26.493
26.509
26.354
24.96
27.608
26.605
28.576
28.495
29.853
29.797
30.238
28.049
27.143
28.675
28.36
29.317
26.909
26.238
26.409
25.014
24.717
25.259
24.052
23.117
24.303
23.495
23.982
23.288
23.749
23.497
22.444
24.67
24.734
26.184
26.904
26.276
28.229
23.952
23.271
24.037
23.326
23.857
23.154
21.821
21.023
21.443
20.044
19.922
19.381
18.216
20.11
19.575
20.573
20.733
21.841
21.904
23.18
19.198
18.186
20.008
19.722
20.912
22.173
22.915
24.2
25.328
18.512
17.64
18.451
17.347
17.506
16.233
18.714
19.155
16.039
15.084
16.005
14.781
14.924
15.748
13.561
14.308
13.135
15.215
14.878
16.111
16.688
14.328
13.89
14.351
14.075
14.691
13.836
12.666
14.34
12.595
12.294
11.678
10.244
9.327
8.212
9.786
9.0
9.27
8.764
8.065
9.117
9.228
8.639
10.076
10.336
10.828
11.579
10.376
10.863
10.789
11.861
12.112
12.99
10.139
10.499
9.149
8.518
7.343
6.136
5.596
5.702
9.492
9.158
10.687
11.735
12.925
12.197
12.771
11.969
12.366
13.009
14.408
15.556
16.635
16.193
16.902
16.191
14.799
14.089
14.792
11.142
10.248
11.108
9.912
10.109
8.962
10.24
9.526
8.35
10.524
10.282
11.558
9.665
8.752
10.131
9.553
10.268
9.65
9.88
9.109
8.355
7.43
6.815
7.099
8.017
8.667
8.089
7.274
7.755
6.372
6.237
4.82
4.685
4.863
6.024
7.151
6.061
5.488
4.363
6.0
5.167
5.606
5.283
6.037
4.165
5.142
4.192
6.166
6.354
7.547
7.436
8.507
8.436
9.217
10.127
9.084
6.511
6.313
6.84
7.072
8.457
9.799
6.017
5.479
5.741
4.744
4.478
3.575
3.501
2.794
2.778
3.443
2.892
2.968
1.714
1.746
0.694
2.933
3.066
3.994
3.556
5.35
3.639
4.096
3.619
4.25
3.75
4.301
5.098
3.929
5.771
6.375
6.383
7.839
8.277
7.754
7.815
8.692
9.857
8.109
8.804
7.91
7.251
6.527
5.33
7.254
9.249
10.199
8.553
8.91
7.953
10.348
11.019
10.821
12.173
12.346
11.519
10.271
9.813
10.77
10.768
11.876
12.981
12.976
11.854
13.304
14.422
13.023
14.039
14.246
14.702
12.959
13.13
13.761
14.567
12.651
12.338
10.931
9.815
8.626
7.848
6.95
6.688
6.307
13.393
13.946
13.685
14.705
16.13
17.045
16.331
17.673
17.726
17.332
18.135
17.342
19.429
20.062
21.278
22.026
22.737
21.875
21.496
21.879
20.712
20.437
21.572
19.438
19.534
20.297
19.505
19.82
19.738
20.129
21.1
19.415
