42.23
41.27
39.84
38.78
37.42
36.33
34.99
41.35
41.32
41.44
41.33
42.39
42.21
43.81
39.92
39.53
39.14
37.75
36.97
36.41
37.21
36.69
35.34
34.52
35.06
37.68
38.53
36.65
36.27
35.59
35.1
35.59
34.98
35.12
34.45
34.67
34.11
32.84
31.98
32.44
33.51
33.14
32.67
31.26
30.45
30.31
31.04
30.11
31.9
31.85
32.89
32.83
34.02
35.06
33.89
32.05
31.33
33.02
33.25
34.58
34.93
35.0
36.23
32.12
31.72
31.61
30.5
30.09
29.33
28.74
29.02
27.93
27.66
28.18
27.27
29.42
29.76
31.14
29.65
29.16
30.13
30.04
30.79
32.3
33.09
34.66
28.58
28.24
27.74
26.32
25.61
24.12
23.49
21.97
21.32
25.65
24.88
25.96
25.39
25.86
25.17
25.47
26.68
26.76
25.7
27.91
25.74
24.92
26.95
27.44
28.95
29.35
29.56
29.9
29.93
29.59
27.08
27.56
26.23
25.61
26.45
26.24
27.39
28.28
29.64
30.91
30.96
32.08
27.71
28.12
26.75
26.14
25.27
24.19
24.51
23.02
25.36
24.39
25.84
25.33
23.86
23.62
24.55
22.36
25.57
24.96
26.49
26.85
27.76
27.93
27.04
27.17
28.19
28.32
29.08
28.95
27.52
28.45
27.02
27.46
28.86
28.91
28.68
28.32
28.32
28.66
27.98
27.35
28.08
26.44
26.18
27.11
27.05
27.96
28.92
30.3
30.97
31.72
32.34
32.21
32.81
31.47
30.87
28.41
28.27
28.11
27.6
27.3
28.51
28.57
29.8
28.02
28.8
27.92
28.46
28.86
27.4
30.04
31.11
29.91
31.02
32.21
33.35
31.95
33.03
32.49
32.17
33.08
30.88
33.84
35.05
33.14
33.78
32.74
32.1
30.84
30.62
31.75
32.0
33.23
34.2
33.95
32.7
34.57
35.68
34.02
34.71
33.75
34.48
32.6
35.95
37.03
35.8
36.93
36.46
37.75
38.05
39.23
37.69
38.68
38.04
39.4
40.61
38.66
39.28
38.23
40.19
41.24
39.8
40.63
39.97
40.84
41.07
41.8
42.14
42.02
43.03
42.06
43.33
43.17
42.72
43.44
43.02
41.87
41.15
41.56
44.08
45.3
43.37
44.05
43.08
42.57
43.66
44.8
43.35
44.71
45.85
44.01
44.43
43.57
42.23
44.35
44.72
43.84
43.52
44.78
44.52
43.49
45.47
42.59
42.69
41.72
40.69
39.83
39.15
38.62
37.96
37.83
38.33
38.99
41.25
40.56
42.49
43.16
44.64
45.39
44.87
46.61
43.03
43.59
42.3
42.14
41.16
39.83
41.74
43.45
43.54
44.45
45.72
46.33
45.43
46.18
46.93
46.01
46.76
47.87
46.4
47.31
46.64
47.76
46.94
49.08
49.65
50.36
49.41
51.43
50.67
51.33
50.8
51.81
51.31
51.17
52.16
49.93
52.28
51.49
53.6
54.21
55.6
56.13
55.67
55.92
56.87
57.0
57.69
54.29
54.72
53.89
53.95
52.77
51.42
50.56
51.24
55.27
55.96
55.61
56.88
57.07
57.23
55.93
57.04
58.15
55.92
55.91
54.71
53.37
53.32
52.34
55.99
56.03
56.02
56.13
54.8
54.77
53.7
52.38
51.27
51.22
52.25
53.08
51.2
50.96
51.35
51.21
52.71
49.49
48.62
49.22
47.87
47.82
47.9
47.83
48.01
47.51
48.34
46.28
45.82
45.6
46.83
47.59
48.72
49.1
50.23
48.36
47.23
44.53
43.55
44.51
43.26
42.77
43.48
41.53
40.96
39.54
39.63
38.54
37.06
40.89
40.96
40.74
40.69
39.37
38.18
36.87
38.22
41.89
41.88
42.95
44.22
44.99
45.48
46.55
46.28
47.76
44.07
44.52
43.45
43.16
41.95
41.79
40.71
39.45
44.41
45.09
44.7
45.98
46.31
47.74
48.02
48.65
46.01
45.06
47.12
47.31
48.47
49.68
47.57
47.53
47.82
48.05
48.47
48.63
49.83
51.06
52.17
52.2
53.23
46.81
46.93
45.62
44.38
43.64
44.26
44.99
45.41
44.94
45.11
44.52
43.79
43.63
44.22
43.41
42.66
43.38
42.17
41.68
41.52
42.32
41.88
40.79
39.99
38.94
38.66
39.45
40.53
42.21
41.17
43.4
43.53
43.46
44.79
44.82
45.72
44.9
46.13
45.82
47.09
47.98
47.21
47.0
46.55
48.25
49.24
49.67
50.49
50.85
50.79
50.44
51.36
50.42
51.48
52.81
53.76
52.91
54.19
54.91
54.21
55.16
54.71
55.13
56.0
54.67
54.06
54.89
53.03
52.84
51.6
51.59
51.61
52.77
51.7
53.93
55.29
56.18
55.46
53.99
53.08
53.0
52.4
51.54
50.25
49.47
50.01
48.83
49.05
49.01
47.58
47.65
46.44
45.18
44.18
44.66
44.6
43.22
42.52
41.27
43.05
44.63
45.22
43.52
42.82
43.17
42.45
41.83
42.51
41.31
40.56
40.87
39.51
39.39
40.22
40.14
39.8
38.45
37.29
38.83
37.9
38.19
37.85
37.89
37.1
38.75
38.85
37.66
37.52
36.58
38.47
39.03
38.31
40.03
40.32
39.66
38.18
39.93
39.69
41.81
42.55
42.26
41.57
42.49
43.85
43.61
43.67
42.71
44.75
44.88
46.2
46.35
44.76
44.3
45.17
45.05
45.64
44.91
43.61
43.38
42.63
41.23
40.3
40.86
39.92
41.61
41.41
42.02
41.42
42.27
40.01
41.96
41.81
42.59
43.16
44.6
45.56
46.95
45.6
42.32
42.64
41.23
40.37
39.31
38.4
39.67
39.4
39.37
38.51
38.42
37.97
37.11
36.44
36.68
35.4
34.96
33.67
33.32
33.02
35.64
36.43
34.95
35.2
34.92
35.73
33.41
33.06
34.5
34.61
33.81
33.03
32.38
31.53
31.55
33.85
33.43
35.02
35.84
37.02
36.3
36.21
36.74
37.1
37.7
39.04
35.93
36.1
34.75
33.59
32.4
31.14
32.72
33.18
32.94
33.08
32.7
32.53
31.33
30.49
31.25
33.67
33.27
34.95
35.94
37.32
38.6
35.88
35.96
35.71
35.54
35.39
34.35
34.41
33.28
32.14
30.99
30.27
29.24
28.49
27.5
32.52
32.1
33.32
33.81
34.52
34.8
35.54
34.73
33.48
34.72
34.57
35.64
36.57
37.59
38.47
38.43
39.25
35.84
36.11
34.92
34.22
33.48
32.16
33.22
33.29
32.87
33.02
32.2
31.37
30.51
33.03
32.46
34.35
35.29
36.7
37.72
37.56
38.69
35.31
35.83
34.77
34.66
35.02
34.45
35.94
36.43
37.96
38.47
37.83
39.62
35.91
36.4
34.9
34.31
35.35
36.28
35.23
36.14
35.5
34.48
34.02
35.47
37.52
38.41
37.71
39.03
38.99
38.08
37.0
38.49
40.05
41.25
39.58
40.48
39.68
41.36
42.48
40.83
41.56
40.64
40.23
40.93
40.25
39.09
38.07
37.0
36.92
37.93
39.04
42.16
41.47
43.45
44.11
45.58
46.37
45.63
43.94
43.7
44.01
43.83
44.18
42.41
42.23
41.42
40.07
39.02
37.67
36.76
35.65
35.84
35.01
35.45
36.71
37.54
37.1
40.06
39.54
40.63
40.62
41.24
41.3
41.74
43.01
44.22
44.34
45.3
41.34
40.89
42.47
43.31
44.76
45.38
45.01
46.33
42.9
43.23
42.16
41.87
42.66
44.14
44.93
45.13
45.92
46.6
46.05
40.39
40.03
39.55
38.13
37.72
38.64
37.21
36.24
37.5
36.69
37.41
36.66
37.47
36.66
37.47
36.42
37.35
35.14
34.75
34.69
34.25
35.11
35.13
36.32
37.65
36.07
33.81
32.96
33.64
32.44
32.29
31.01
30.07
30.96
32.55
32.75
32.4
32.57
32.61
33.84
31.34
31.51
31.72
30.37
29.33
28.08
27.53
26.74
26.04
26.86
29.85
29.37
30.88
31.51
32.64
32.02
32.07
32.37
32.9
33.59
34.85
35.04
36.32
36.99
38.31
38.71
37.84
36.52
36.09
31.89
32.26
30.6
29.54
28.63
29.45
27.89
26.79
28.72
27.71
29.19
28.55
29.26
30.59
31.48
32.9
33.64
33.12
34.92
28.55
29.54
27.42
27.3
26.92
26.39
27.18
27.01
27.75
29.49
25.55
24.74
25.23
23.93
23.69
22.27
21.94
23.02
23.69
23.4
24.65
23.94
24.69
23.14
23.19
23.93
25.46
25.98
26.06
21.84
21.78
20.8
