42.23
41.27
41.35
41.44
41.33
39.92
39.14
37.75
37.68
36.65
36.27
35.59
35.59
34.98
33.51
32.67
31.26
31.04
31.9
31.85
32.05
33.02
33.25
32.12
31.61
30.5
29.33
29.02
27.93
28.18
29.42
29.76
29.65
30.13
30.04
28.58
27.74
26.32
25.65
25.96
25.39
25.74
26.95
27.44
27.08
26.23
25.61
26.45
27.39
28.28
27.71
26.75
26.14
25.36
25.84
25.33
25.57
26.49
26.85
27.52
27.02
27.46
27.35
26.44
26.18
27.11
27.96
28.92
28.41
28.11
27.6
28.57
28.02
28.8
30.04
29.91
31.02
32.21
31.95
33.03
33.84
33.14
33.78
34.57
34.02
34.71
35.95
35.8
36.93
38.05
37.69
38.68
39.4
38.66
39.28
40.19
39.8
40.63
42.02
42.06
43.33
44.08
43.37
44.05
44.71
44.01
44.43
44.35
43.84
43.52
42.59
41.72
40.69
41.25
42.49
43.16
43.03
42.3
42.14
43.45
44.45
45.72
46.76
46.4
47.31
47.76
49.08
49.65
50.67
50.8
51.81
52.28
53.6
54.21
54.29
53.89
53.95
55.27
55.61
56.88
57.04
55.92
55.91
55.99
56.02
56.13
54.8
53.7
52.38
52.25
51.2
50.96
49.49
49.22
47.87
47.51
46.28
45.82
44.53
44.51
43.26
42.77
41.53
40.96
40.89
40.74
40.69
41.89
42.95
44.22
44.07
43.45
43.16
44.41
44.7
45.98
46.01
47.12
47.31
47.57
47.82
48.05
46.81
45.62
44.38
43.41
43.38
42.17
42.21
43.4
43.53
44.82
44.9
46.13
47.0
48.25
49.24
50.44
50.42
51.48
52.81
52.91
54.19
54.06
53.03
52.84
52.77
53.93
53.99
53.08
52.4
51.54
50.25
50.01
48.83
47.58
46.44
45.18
44.63
43.52
42.82
41.31
40.87
39.51
38.45
38.83
37.9
37.89
38.75
38.85
39.03
40.03
40.32
41.81
42.26
43.61
43.67
44.75
44.88
44.76
45.17
45.05
43.61
42.63
41.23
40.86
41.61
41.41
41.96
42.59
43.16
42.32
41.23
40.37
39.67
39.37
38.51
37.11
36.68
35.4
35.64
34.95
35.2
34.5
33.81
33.03
33.85
35.02
35.84
36.3
36.74
37.1
35.93
34.75
33.59
33.18
33.08
32.7
33.67
34.95
35.94
35.88
35.71
35.54
34.35
33.28
32.14
32.52
33.32
33.81
34.72
35.64
36.57
35.84
34.92
34.22
33.29
33.02
32.2
33.03
34.35
35.29
35.31
34.77
34.66
35.02
35.94
36.43
35.91
34.9
34.31
35.35
35.23
36.14
37.52
37.71
39.03
40.05
39.58
40.48
41.36
40.83
41.56
42.16
43.45
44.11
43.94
44.01
43.83
42.41
41.42
40.07
40.06
40.63
40.62
41.34
42.47
43.31
42.9
42.16
41.87
40.39
39.55
38.13
37.21
37.5
36.69
36.42
35.14
34.75
34.69
35.11
35.13
33.81
33.64
32.44
32.55
32.4
32.57
31.51
30.37
29.33
29.85
30.88
31.51
32.02
32.37
32.9
31.89
30.6
29.54
28.72
29.19
28.55
28.55
27.42
27.3
26.92
27.18
27.01
25.55
25.23
23.93
23.94
23.14
23.19
21.84
