42.97
42.11
40.68
39.6
38.25
37.27
35.91
42.09
42.07
42.08
41.96
43.02
42.93
44.41
40.56
40.2
39.77
38.39
37.63
37.03
37.8
37.25
35.92
35.14
35.7
38.32
39.19
37.26
36.83
36.1
35.68
35.97
35.38
35.52
34.78
35.07
34.57
33.36
32.48
33.03
33.91
33.51
33.12
31.7
30.96
30.88
31.48
30.56
32.31
32.27
33.39
33.39
34.6
35.6
34.54
32.41
31.66
33.37
33.61
34.92
35.31
35.47
36.57
32.46
32.06
31.95
30.78
30.34
29.62
29.01
29.34
28.26
28.08
28.53
27.61
29.77
30.13
31.54
30.01
29.5
30.46
30.35
31.12
32.61
33.52
35.05
28.89
28.5
28.08
26.67
26.01
24.6
24.05
22.56
22.25
25.94
25.13
26.23
25.65
26.1
25.3
25.64
26.98
27.26
26.32
28.51
25.99
25.18
27.19
27.64
29.15
29.51
29.21
29.65
30.22
30.15
27.3
27.87
26.37
25.78
26.6
26.43
27.48
28.32
29.69
30.72
32.04
30.89
27.74
28.23
26.73
26.13
25.13
24.75
25.26
23.96
25.44
24.52
25.9
25.43
23.96
23.83
23.12
24.53
25.62
24.92
26.58
26.92
27.86
28.02
27.09
27.21
28.28
28.4
29.22
29.08
27.57
28.59
26.94
27.33
28.72
28.76
28.2
28.18
27.59
26.95
27.63
27.31
28.07
26.44
26.33
27.3
27.3
28.12
29.09
30.43
31.17
32.0
32.68
32.52
33.2
31.7
31.03
28.55
28.46
28.21
27.7
27.41
28.62
28.71
29.92
28.21
29.01
28.16
28.64
28.99
27.57
30.27
31.33
30.17
31.31
32.55
33.68
32.33
33.43
32.89
32.4
33.2
31.09
34.28
35.51
33.61
34.29
33.29
32.54
31.28
30.93
31.97
32.08
33.26
34.31
34.19
33.0
35.06
36.15
34.48
35.15
34.21
34.95
33.04
36.39
37.46
36.26
37.38
36.88
38.11
38.51
39.68
38.15
39.16
38.52
39.92
41.13
39.19
39.8
38.74
40.73
41.82
40.29
41.12
40.45
41.33
41.88
42.25
43.28
42.5
43.51
42.54
43.8
43.58
43.07
43.74
43.26
42.11
41.43
41.91
44.57
45.76
43.88
44.56
43.57
43.06
44.12
45.16
43.9
45.24
46.35
44.56
45.0
44.06
42.81
45.05
45.49
44.58
44.32
45.64
45.5
44.83
46.13
43.39
43.59
42.37
41.4
40.61
39.87
39.23
38.52
38.43
39.05
39.76
42.01
41.43
43.14
43.82
45.3
46.05
45.47
47.36
43.69
44.22
42.99
42.76
41.77
40.44
42.33
44.06
44.13
45.09
46.36
46.98
46.19
47.05
47.9
46.86
47.4
48.53
47.03
47.99
47.39
48.43
47.6
49.74
50.3
51.04
50.12
52.16
51.28
51.93
51.37
52.37
51.8
51.56
52.5
50.31
52.82
52.0
54.13
54.75
56.16
57.06
56.58
55.85
56.39
57.7
55.6
54.81
55.22
54.41
54.52
53.31
51.98
51.85
50.99
55.82
56.46
56.21
57.49
57.79
57.94
56.72
57.58
58.66
56.45
56.42
55.15
53.86
53.85
52.83
56.53
56.56
56.57
56.69
55.38
55.38
54.26
52.96
51.84
51.84
52.84
53.65
51.82
51.59
52.03
51.9
53.4
50.11
49.25
49.83
48.45
48.3
48.45
48.62
48.38
48.09
48.92
46.85
46.46
46.23
47.46
48.25
49.39
49.75
50.86
48.98
47.85
45.17
44.19
45.19
43.96
43.46
44.14
42.22
41.62
40.28
39.21
39.83
39.49
41.46
41.55
41.24
41.16
39.84
38.6
37.34
38.57
42.32
42.23
43.4
44.66
45.33
45.93
47.08
48.21
46.81
44.46
44.91
43.81
43.54
42.37
42.27
41.07
39.87
44.82
45.53
45.08
46.38
46.6
47.98
48.63
48.43
46.48
45.6
47.59
47.79
48.91
50.17
48.11
48.19
48.31
48.58
48.96
49.26
50.36
50.62
49.84
48.7
50.2
47.37
47.51
46.18
44.94
44.25
45.1
45.77
46.42
46.17
46.61
46.2
45.37
44.93
45.34
43.95
43.21
43.9
42.69
42.22
41.98
42.75
42.23
41.12
40.25
39.2
38.99
39.85
40.93
42.77
41.74
43.96
44.1
44.06
45.37
45.4
46.31
45.5
46.74
46.44
47.69
48.63
47.73
47.58
47.1
48.82
49.78
50.27
51.05
51.38
51.36
50.96
51.87
50.92
51.91
53.29
54.24
53.41
54.7
55.32
54.4
55.18
55.96
56.95
57.31
57.59
54.59
55.41
53.58
53.37
52.12
52.05
52.14
53.26
52.16
54.41
55.78
56.62
55.89
54.4
53.6
53.61
52.89
52.07
50.83
50.23
50.45
49.28
49.51
49.67
48.02
48.08
46.88
45.59
44.64
45.18
45.63
44.61
43.51
43.24
42.67
45.01
45.43
44.02
43.31
43.57
43.04
42.5
43.18
41.83
41.02
41.46
40.11
40.07
40.75
40.84
40.02
39.0
37.85
39.36
38.41
38.62
38.22
38.49
37.7
39.44
39.58
38.43
38.75
38.16
39.71
39.72
38.99
40.69
40.95
40.13
38.67
40.2
41.21
42.43
43.11
42.93
42.29
43.3
44.6
44.28
44.29
43.33
45.36
45.46
46.74
46.88
45.4
44.99
45.8
45.74
46.41
45.71
44.32
44.15
43.3
41.91
41.0
41.43
40.43
42.12
41.86
42.42
41.83
42.64
40.37
42.42
42.23
43.11
43.7
45.14
46.04
47.43
46.1
42.93
43.36
41.82
40.99
39.95
38.93
40.3
40.13
39.91
39.12
39.16
38.73
37.67
36.98
37.22
35.99
35.55
34.21
33.73
33.64
36.29
37.13
35.6
35.89
35.59
36.4
34.09
33.71
35.14
35.31
34.29
33.43
32.76
31.83
32.01
34.18
33.75
35.33
36.14
37.32
36.62
36.58
37.05
37.49
38.11
39.42
36.34
36.48
35.21
34.01
32.85
31.55
33.19
33.57
33.31
33.49
33.04
32.91
31.74
30.85
31.72
33.97
33.51
35.27
36.24
37.65
38.91
36.16
36.18
36.04
35.87
35.76
34.66
34.73
33.56
32.39
31.24
30.58
29.54
28.7
27.94
32.69
32.2
33.51
33.92
34.66
33.81
34.13
33.32
33.86
34.83
34.69
35.76
36.7
37.73
38.56
38.63
39.47
35.95
36.17
35.06
34.37
33.6
32.34
33.27
33.41
33.06
33.0
32.12
31.33
30.62
32.85
32.22
34.19
34.95
36.36
37.33
37.02
38.42
35.07
35.71
34.47
34.5
35.08
34.59
36.12
36.79
38.29
38.98
38.37
40.25
36.26
36.76
35.25
34.67
35.72
36.61
35.64
36.54
35.86
34.8
34.4
35.86
37.89
38.77
38.06
39.37
39.26
38.55
38.97
37.48
40.46
41.63
40.07
41.03
40.31
41.85
42.93
41.32
41.99
40.99
40.58
41.27
40.58
39.42
38.4
37.34
37.28
38.29
39.38
42.62
41.93
43.94
44.69
46.19
47.03
46.39
44.43
44.27
44.35
44.1
44.26
42.73
42.59
41.74
40.4
39.39
38.04
37.12
36.01
36.19
35.34
35.79
37.06
37.91
37.47
40.42
39.83
41.06
41.09
41.75
41.68
42.19
43.64
44.26
43.57
45.59
41.8
41.38
42.87
43.69
45.15
45.79
46.62
45.4
43.23
43.54
42.5
42.19
43.0
44.47
45.35
45.44
46.22
47.01
46.22
40.7
40.32
39.86
38.42
38.02
38.97
37.55
36.61
37.86
37.13
37.86
37.1
37.82
36.99
37.69
36.96
37.94
35.72
35.4
35.46
35.43
35.54
35.53
36.66
38.02
36.4
34.19
33.41
33.92
32.72
32.41
31.1
30.43
30.73
32.91
33.27
32.66
32.85
32.87
34.12
31.62
31.83
32.1
30.67
29.62
28.39
27.83
26.51
26.49
25.4
30.14
29.62
31.16
31.8
32.94
32.3
32.25
32.77
33.32
34.02
35.24
35.36
36.64
37.38
38.72
39.19
38.36
37.03
36.52
32.31
32.7
31.03
30.01
29.08
29.91
28.32
27.32
29.19
28.34
29.45
28.68
28.99
28.32
27.92
29.07
29.74
29.38
30.77
28.89
29.99
27.83
27.86
27.7
27.49
27.79
27.69
28.33
30.09
26.25
25.35
26.04
24.76
24.6
23.3
22.88
22.11
20.85
20.18
20.24
24.69
24.98
24.35
24.33
23.08
21.8
21.21
20.79
25.59
25.79
26.35
