19.298
18.218
18.608
17.59
17.988
17.14
17.4
17.988
18.948
16.722
16.371
15.327
14.974
15.855
15.872
14.809
16.66
16.302
17.521
18.407
19.337
20.16
20.071
19.157
18.337
15.218
15.15
14.381
13.556
14.432
15.516
13.976
14.717
13.918
14.558
13.727
12.376
12.061
12.991
10.803
15.086
16.267
14.082
14.343
13.05
12.351
15.046
15.839
14.763
15.443
14.862
15.45
15.036
14.626
15.126
16.952
17.745
17.342
18.755
18.982
20.46
21.214
20.588
19.389
20.52
18.667
19.152
18.114
19.496
20.563
18.589
18.798
17.526
19.975
20.761
20.103
21.208
21.02
22.541
23.525
22.569
23.779
23.584
23.658
23.296
24.135
24.175
25.356
23.183
23.436
22.171
22.383
21.248
21.457
20.388
23.972
24.933
23.363
23.816
22.943
23.308
22.351
22.695
23.643
24.384
23.854
25.28
26.035
25.67
27.032
27.026
26.478
25.132
24.949
26.125
27.098
27.991
29.126
27.538
28.423
28.724
29.743
27.846
28.07
27.426
28.075
29.58
27.361
27.535
27.942
26.624
26.023
24.827
25.188
25.781
24.865
27.067
27.666
27.294
28.334
28.111
28.392
28.358
28.667
29.781
30.722
29.966
31.311
31.282
32.647
33.096
34.358
35.189
36.436
34.771
33.499
32.05
31.518
33.254
34.035
34.627
35.781
37.131
38.141
39.455
39.946
40.283
33.243
33.501
32.277
31.483
30.304
29.661
30.023
28.926
29.342
30.337
29.913
30.826
32.178
33.086
32.625
31.702
27.679
27.653
26.66
25.406
24.438
24.015
24.742
24.948
23.897
23.221
22.23
21.652
22.765
20.742
22.517
22.546
21.906
21.196
22.087
21.642
23.347
24.306
25.646
25.627
25.685
25.531
24.526
24.599
24.642
24.878
25.29
26.605
26.817
28.164
28.853
30.23
30.64
29.717
28.35
27.901
23.67
23.813
22.479
21.253
20.046
18.746
20.218
21.041
20.684
21.288
21.203
21.462
21.235
22.171
21.788
23.419
24.387
25.762
23.916
24.0
23.427
22.983
22.641
21.785
21.677
20.895
19.738
18.866
17.711
16.643
15.459
14.484
20.162
19.681
21.093
21.472
21.804
20.629
19.427
18.341
18.441
19.624
20.706
22.545
22.64
23.307
24.257
25.337
26.292
27.181
27.149
27.912
23.553
23.868
22.578
22.042
22.657
22.193
20.535
20.017
19.841
18.422
17.552
16.127
15.835
15.236
18.161
17.127
19.134
19.052
17.781
17.6
18.674
18.443
17.144
16.076
16.312
19.136
18.793
19.608
19.738
19.363
19.238
19.607
18.71
21.15
22.098
21.304
22.639
22.669
22.04
21.999
23.256
24.469
22.424
22.947
21.987
21.745
21.09
21.753
19.772
23.303
23.702
23.2
23.536
23.253
24.999
25.902
25.215
26.552
27.059
27.172
26.168
26.523
25.506
27.642
27.754
27.207
25.688
24.952
25.216
29.187
30.117
29.342
30.66
30.671
32.074
32.514
33.93
34.379
35.683
33.532
31.09
30.32
32.33
32.915
33.866
33.194
33.729
32.013
33.643
33.987
33.88
34.53
34.632
33.251
35.271
35.907
36.289
36.618
37.967
38.767
38.278
37.256
38.929
38.026
39.116
36.865
36.805
36.631
36.395
36.755
36.443
37.023
36.376
34.92
34.176
34.473
33.047
32.653
31.141
33.028
32.744
33.574
31.568
31.06
30.332
31.26
32.494
30.727
30.065
29.234
30.152
29.371
30.289
31.01
30.493
31.156
32.339
32.991
32.88
32.226
28.611
29.187
27.332
26.601
25.92
25.832
25.418
24.595
24.026
22.946
25.148
24.712
25.309
24.65
26.632
27.401
28.172
27.249
27.956
26.735
28.324
29.218
28.083
28.77
28.144
26.746
26.763
26.542
27.057
30.294
30.922
30.88
32.308
32.552
34.022
31.949
31.968
33.075
32.694
34.156
34.851
35.412
35.86
37.05
34.911
35.973
36.74
36.072
37.113
36.742
36.641
38.497
39.458
38.593
39.899
39.696
40.958
41.79
41.008
41.401
42.575
40.617
40.8
42.017
40.193
40.948
40.828
41.619
41.139
42.174
43.356
44.675
45.678
45.405
44.09
43.046
40.549
41.388
39.27
38.733
37.5
37.794
37.35
37.872
38.66
39.391
40.093
40.093
39.373
38.637
38.437
38.445
38.161
37.806
36.282
35.312
38.382
38.727
38.458
38.925
39.874
40.312
40.841
40.003
37.799
36.995
37.759
36.831
35.759
36.306
37.507
35.481
37.507
36.829
38.837
39.611
39.659
40.256
39.049
38.999
37.686
36.458
35.298
34.324
33.063
32.622
32.243
39.22
38.746
39.964
40.301
39.61
39.751
38.215
41.828
42.409
42.482
41.901
43.086
44.221
43.947
44.605
44.168
45.659
46.453
45.764
46.271
44.603
43.805
42.336
42.149
44.348
45.256
43.79
44.106
44.653
45.924
47.158
47.593
48.382
48.716
48.837
42.85
41.765
43.023
41.96
42.026
40.98
40.062
41.129
42.161
42.487
41.968
42.334
42.476
43.608
43.574
44.971
41.405
41.792
40.186
39.281
37.827
37.532
39.459
38.801
40.357
40.692
41.548
42.823
42.973
43.733
39.466
39.259
38.656
37.43
36.182
36.076
36.177
34.825
37.171
37.564
36.486
36.133
35.123
35.426
35.959
34.839
34.064
34.78
33.722
33.853
35.388
32.326
31.395
32.182
30.91
31.008
31.945
30.413
29.211
31.324
30.912
32.114
30.095
29.3
30.308
29.596
30.386
31.776
32.603
31.666
28.171
27.439
27.774
26.427
26.482
27.389
27.301
27.041
25.504
24.322
26.042
25.302
26.243
25.541
24.103
24.101
23.092
21.996
20.89
21.396
22.505
21.897
23.614
24.262
25.011
25.804
26.206
26.061
25.22
26.156
24.987
25.746
24.921
23.621
24.646
24.115
27.102
27.786
27.508
28.753
29.059
30.326
27.957
29.955
30.669
30.171
31.32
31.457
31.266
32.271
30.097
29.949
28.578
28.521
30.227
30.922
29.713
29.934
29.045
29.437
27.578
31.42
31.987
32.05
33.452
33.914
33.272
32.638
33.428
34.347
35.292
34.037
34.806
34.54
35.662
34.518
35.437
33.253
32.908
31.412
33.644
34.026
33.829
34.578
34.562
33.219
33.235
31.912
31.852
36.011
36.532
36.646
37.984
38.573
40.059
40.589
40.43
41.257
37.983
38.821
37.023
36.941
35.793
35.601
36.078
34.92
36.772
37.487
35.819
35.516
34.165
34.287
33.599
36.648
36.692
37.573
38.757
39.122
38.066
39.975
41.037
39.826
40.949
40.517
41.654
42.607
41.573
41.503
42.593
40.763
41.248
40.199
40.195
39.295
38.317
38.358
39.669
40.271
40.119
36.907
35.935
36.802
35.507
34.521
34.871
33.277
32.252
30.867
30.653
28.905
28.258
32.285
31.552
33.176
33.358
34.319
33.836
34.402
32.792
33.837
33.726
34.353
34.728
35.234
33.546
33.732
32.331
31.11
30.045
30.353
30.051
30.492
31.096
31.678
32.207
32.156
31.558
31.016
30.641
30.088
30.884
30.533
31.021
30.434
32.562
29.04
28.692
28.181
26.746
25.95
26.408
25.459
27.157
26.974
27.801
27.66
26.671
26.856
27.969
28.549
29.69
30.24
29.659
28.5
27.293
26.517
28.432
28.813
30.201
30.61
32.061
32.367
32.022
31.344
32.361
27.764
27.405
27.278
26.4
26.533
27.843
28.412
28.331
24.937
24.217
24.496
23.065
22.509
22.845
22.345
20.897
20.247
20.923
18.928
22.713
21.545
23.699
23.428
23.878
23.083
24.103
23.509
25.366
26.183
27.504
28.496
29.777
30.88
32.142
25.471
25.016
25.359
24.752
23.233
22.66
22.58
21.118
20.597
21.226
20.877
20.61
21.398
19.291
18.678
17.252
16.562
17.235
15.323
18.676
17.641
19.855
20.008
21.504
22.219
22.218
19.262
18.984
18.938
18.147
18.064
16.688
16.68
17.647
15.585
16.784
16.241
16.272
15.014
14.655
15.075
14.06
16.27
16.408
17.769
17.799
18.386
18.167
17.413
16.933
16.179
15.906
16.388
17.154
16.147
15.873
16.222
15.966
17.21
18.38
17.612
18.663
14.713
14.437
13.957
12.685
12.079
11.402
11.275
11.364
10.338
9.121
10.529
11.695
11.565
11.022
10.033
10.622
9.923
11.914
12.538
13.876
13.841
12.745
13.244
12.367
12.658
11.768
11.773
10.455
9.958
8.821
8.043
8.457
14.14
14.561
14.933
16.39
17.018
16.943
17.292
17.864
17.054
18.146
16.548
