19.298
18.218
17.988
16.722
16.371
15.872
16.66
16.302
15.218
14.381
13.556
14.432
13.976
14.717
15.086
14.082
14.343
15.046
14.763
15.443
16.952
17.342
18.755
19.389
18.667
19.152
19.496
18.589
18.798
19.975
20.103
21.208
22.541
22.569
23.779
24.175
23.183
23.436
23.972
23.363
23.816
25.28
25.67
27.032
27.991
27.538
28.423
28.724
27.846
28.07
27.535
26.624
26.023
27.067
27.294
28.334
29.781
29.966
31.311
32.05
33.254
34.035
33.243
32.277
31.483
30.304
30.023
28.926
27.679
26.66
25.406
24.742
23.897
23.221
22.517
21.906
21.196
22.087
23.347
24.306
24.526
24.642
24.878
23.67
22.479
21.253
21.041
21.288
21.203
22.171
23.419
24.387
23.916
23.427
22.983
21.785
20.895
19.738
20.162
21.093
21.472
22.545
23.307
24.257
23.553
22.578
22.042
20.535
19.841
18.422
18.161
19.134
19.052
19.136
19.608
19.738
21.15
21.304
22.639
23.256
22.424
22.947
23.303
23.2
23.536
24.999
25.215
26.552
26.523
27.642
27.754
29.187
29.342
30.66
31.09
32.33
32.915
33.643
33.88
34.53
35.907
36.618
37.967
38.026
36.865
36.805
36.631
36.755
36.443
34.92
34.473
33.047
32.744
31.568
31.06
30.065
30.152
29.371
28.611
27.332
26.601
25.92
25.418
24.595
25.309
26.632
27.401
28.324
28.083
28.77
30.294
30.88
32.308
33.075
34.156
34.851
35.973
36.072
37.113
38.497
38.593
39.899
40.8
40.193
40.948
40.549
39.27
38.733
38.437
38.161
37.806
38.382
38.458
38.925
37.799
37.759
36.831
37.507
38.837
39.611
39.659
39.049
38.999
39.22
39.964
40.301
41.828
42.482
43.947
44.605
45.659
46.453
45.764
44.603
43.805
44.348
43.79
44.106
42.85
43.023
41.96
42.161
41.968
42.334
41.405
40.186
39.281
39.459
40.357
40.692
39.466
38.656
37.43
37.171
36.486
35.959
34.839
34.78
33.722
32.326
32.182
30.91
30.413
31.324
30.912
30.095
30.308
29.596
28.171
27.774
26.427
25.504
26.042
25.302
24.103
23.092
21.996
22.505
23.614
24.262
25.22
24.987
25.746
27.102
27.508
28.753
29.955
30.171
31.32
31.266
30.097
29.949
30.227
29.713
29.934
31.42
32.05
33.452
34.347
34.037
34.806
34.518
33.253
32.908
33.644
33.829
34.578
36.011
36.646
37.984
37.983
37.023
36.941
36.772
35.819
35.516
36.648
37.573
38.757
39.975
39.826
40.949
41.503
40.763
41.248
40.199
39.295
38.317
36.907
36.802
35.507
34.521
33.277
32.252
32.285
33.176
33.358
33.837
34.353
34.728
33.546
32.331
31.11
30.641
30.884
30.533
29.04
28.181
26.746
26.408
27.157
26.974
27.293
28.432
28.813
27.764
27.278
26.4
24.937
24.496
23.065
22.713
23.699
23.428
24.103
25.366
26.183
25.471
25.359
24.752
23.233
22.58
21.118
20.61
19.291
18.678
18.676
19.855
20.008
19.262
18.938
18.147
16.784
16.272
15.014
15.075
16.27
16.408
16.147
16.222
15.966
14.713
13.957
12.685
11.695
11.022
10.033
10.622
11.914
12.538
12.745
12.367
12.658
14.14
14.933
16.39
17.054
