0.85
-0.314
-0.081
-0.853
-0.7
-1.731
-1.506
-0.522
0.455
-1.787
-2.129
-3.153
-3.38
-2.674
-2.654
-3.741
-1.857
-2.203
-0.977
-0.096
0.871
1.685
1.541
0.571
-0.234
-3.311
-3.43
-4.113
-4.957
-4.069
-2.951
-4.559
-3.789
-4.575
-4.006
-4.857
-6.226
-6.651
-5.827
-7.921
-3.46
-2.305
-4.481
-4.298
-5.643
-6.441
-3.56
-2.743
-3.861
-3.172
-3.671
-3.06
-3.488
-3.939
-3.368
-1.665
-0.876
-1.281
0.121
0.271
1.717
2.554
1.738
0.767
1.897
0.07
0.538
-0.5
0.867
1.923
-0.038
0.163
-1.081
1.377
2.13
1.555
2.686
2.522
4.009
5.001
4.015
5.203
5.001
5.107
4.809
5.672
5.543
6.709
4.516
4.705
3.375
3.53
2.21
2.309
3.373
5.333
6.24
4.849
5.392
4.573
4.847
3.857
4.089
4.958
5.719
5.074
6.875
7.649
7.266
8.649
8.69
8.221
8.946
8.298
7.179
7.106
9.51
10.584
9.038
9.844
10.083
11.103
9.145
9.294
8.657
9.435
8.681
10.867
8.719
9.046
7.857
7.281
6.172
5.312
5.559
4.365
8.391
9.041
8.605
9.681
9.459
8.498
7.496
8.791
11.087
12.0
11.273
12.62
12.588
13.962
14.439
15.707
16.515
17.769
16.064
14.8
13.393
12.96
14.515
15.312
15.952
17.054
18.352
19.387
20.573
20.9
21.44
14.516
14.814
13.514
12.686
11.517
10.824
11.279
10.173
10.592
11.621
11.231
12.163
13.513
14.426
13.929
12.982
8.952
8.943
7.923
6.681
5.704
5.393
6.063
6.365
5.185
4.624
3.684
3.312
4.535
2.484
3.904
3.978
3.239
2.524
3.373
2.863
4.659
5.604
6.986
7.009
6.964
7.071
5.787
5.798
5.952
6.237
6.703
7.92
7.98
9.281
10.094
11.482
12.036
11.241
9.861
9.269
5.025
5.166
3.836
2.598
1.376
0.077
1.524
2.404
2.096
2.617
2.473
2.723
2.475
3.448
3.095
4.689
5.687
7.055
5.283
5.372
4.8
4.433
4.144
3.228
3.161
2.281
1.139
0.306
-0.786
-1.707
-3.043
-3.725
1.563
1.111
2.427
2.752
3.06
1.887
0.671
-0.424
-0.314
0.885
1.98
3.882
4.014
4.685
5.722
6.805
7.71
8.646
8.868
9.161
5.126
5.493
4.211
3.763
4.335
3.669
2.259
1.801
1.498
0.076
-0.694
-2.14
-2.457
-3.032
-0.209
-1.157
0.632
0.518
-0.804
-1.027
0.01
-0.223
-1.505
-2.553
-2.312
0.626
0.113
1.308
1.428
1.047
1.062
1.237
0.851
2.848
3.792
2.988
4.297
4.227
3.594
3.464
4.93
6.144
4.111
4.609
3.56
3.293
2.668
3.341
1.373
5.007
5.323
4.992
5.212
4.787
6.673
7.592
6.876
8.199
8.757
8.848
7.92
8.118
7.083
9.209
9.359
8.91
7.407
6.619
7.007
10.808
11.723
10.994
12.303
12.181
13.408
14.604
14.265
13.789
13.554
13.544
12.768
12.002
14.011
14.601
15.509
14.762
13.663
15.36
15.387
15.788
15.62
16.285
16.346
14.936
17.031
17.707
18.142
18.416
19.792
20.53
19.965
18.819
20.673
19.885
20.985
18.745
18.719
18.437
18.153
18.513
18.149
18.715
18.156
16.628
15.895
16.171
14.751
14.353
12.863
14.709
14.43
15.244
13.247
12.758
12.032
12.944
14.172
12.414
11.782
10.976
11.845
11.131
12.122
12.831
12.295
12.952
14.155
14.821
14.712
14.05
10.328
10.815
9.102
8.336
7.605
7.477
7.142
6.24
5.682
6.766
4.479
3.305
6.884
6.205
8.193
8.911
9.664
8.79
9.564
8.286
9.876
10.773
9.703
10.408
9.799
8.432
8.482
8.714
8.262
11.919
12.535
12.507
13.93
14.243
15.737
13.738
13.741
14.7
14.333
15.782
16.462
16.946
17.519
18.015
17.459
17.642
18.501
17.703
18.751
18.359
18.302
20.124
21.093
20.204
21.481
21.275
22.552
23.379
24.627
25.712
25.742
26.789
22.391
23.604
21.794
22.554
22.336
22.638
21.738
22.39
23.73
24.789
26.049
26.277
25.223
23.923
22.215
23.092
20.959
20.446
19.186
19.447
19.013
19.464
20.226
20.891
21.578
21.604
20.937
20.234
20.178
20.219
19.897
19.603
18.097
17.167
20.178
20.464
20.325
20.786
21.784
22.319
22.772
22.267
19.64
18.876
19.527
18.571
17.549
18.161
19.37
17.382
19.265
18.606
20.593
21.386
21.399
21.847
20.912
20.824
19.448
18.279
17.001
17.118
16.312
15.286
16.533
21.066
20.563
21.829
22.129
21.423
21.582
20.02
23.65
24.18
24.354
23.812
25.007
26.183
25.822
26.414
25.867
27.5
28.172
27.409
27.775
26.354
25.566
24.104
23.955
26.068
26.852
25.612
25.963
26.415
27.539
28.727
29.145
29.845
30.221
30.171
24.757
23.618
25.022
23.989
24.139
22.968
22.022
23.04
24.096
24.496
23.72
23.976
23.905
25.112
24.896
26.415
23.108
23.524
21.924
21.095
19.611
19.243
21.349
20.796
22.195
22.653
23.596
25.035
25.615
25.613
21.52
21.436
20.659
19.521
18.272
18.426
18.009
16.949
19.178
19.501
18.54
18.326
17.546
17.584
17.983
16.777
15.997
16.644
15.575
15.723
17.256
14.182
13.209
14.095
12.84
13.031
13.983
12.277
11.064
13.141
12.695
13.875
11.965
11.247
12.17
11.432
12.196
13.598
14.375
13.505
10.001
9.265
9.612
8.282
8.402
9.256
9.304
8.724
7.361
6.232
7.847
7.085
8.02
7.301
5.925
5.953
4.911
3.797
2.61
2.994
4.233
3.652
5.257
5.96
6.781
7.466
7.573
7.908
6.879
7.77
6.664
7.397
6.549
5.259
6.237
5.774
8.72
9.409
9.056
10.237
10.499
11.701
9.344
11.489
12.186
11.749
12.932
13.043
12.929
13.959
11.774
11.679
10.31
10.219
11.965
12.766
11.32
11.518
10.62
10.996
9.146
12.986
13.552
13.6
14.994
15.465
14.809
14.213
14.923
15.926
16.842
15.675
16.498
16.257
17.354
16.248
17.194
14.978
14.599
13.087
15.274
15.661
15.405
16.091
16.044
14.682
14.746
13.473
13.345
17.552
18.046
18.228
19.596
20.215
20.349
21.644
21.796
20.982
19.631
20.491
18.685
18.637
17.515
17.381
17.782
16.596
18.433
19.169
17.44
17.083
15.74
15.907
15.157
18.187
18.216
19.075
20.191
20.646
19.565
21.405
22.336
21.404
22.628
22.529
21.721
21.42
21.384
23.04
24.048
22.271
22.61
21.542
21.363
20.848
19.786
19.784
21.035
21.854
21.193
18.368
17.417
18.221
16.918
15.951
16.336
14.7
13.646
12.274
12.057
10.311
9.764
13.618
12.829
14.49
14.714
15.707
15.11
14.085
15.754
15.197
15.183
15.631
15.978
16.585
14.762
14.917
13.562
12.33
11.377
11.78
11.548
12.041
12.608
13.237
13.715
13.595
12.969
12.459
11.707
11.231
11.731
11.38
11.677
11.126
13.182
9.918
9.609
9.043
7.615
6.809
7.398
6.575
8.159
8.082
8.981
8.875
7.903
8.112
9.24
9.852
10.996
11.526
10.912
9.75
8.452
7.742
9.568
10.018
11.403
11.956
13.389
13.482
13.707
13.876
13.766
8.991
8.735
8.388
7.499
7.572
8.909
9.408
9.492
6.036
5.318
5.608
4.179
3.652
4.023
3.425
1.968
1.229
1.797
-0.084
3.823
2.662
4.803
4.565
5.074
4.331
5.246
4.64
6.511
7.294
8.622
9.594
10.932
12.001
13.315
6.52
6.0
6.432
5.742
4.216
3.583
3.618
2.155
1.644
2.198
2.029
1.729
2.57
0.429
-0.085
-1.506
-2.058
-1.364
-3.194
-0.055
-1.062
1.104
1.267
2.758
3.443
3.501
0.496
0.181
0.184
-0.568
-0.773
0.492
0.257
-0.05
0.397
-1.931
-2.518
-2.43
-3.694
-3.998
-3.693
-4.715
-2.54
-2.434
-1.082
-1.011
-0.48
-0.631
-1.272
-1.645
-2.292
-2.562
-2.198
-1.545
-2.668
-2.979
-2.538
-2.81
-1.586
-0.384
-1.235
-0.113
-4.08
-4.452
-4.763
-5.969
-6.502
-5.705
-6.573
-7.025
-6.289
-5.025
-6.824
-7.053
-7.186
-7.798
-8.839
-8.332
-9.131
-7.014
-6.433
-5.042
-5.01
-6.316
-6.035
-6.535
-6.303
-7.216
-7.03
-8.306
-9.195
-8.987
-7.896
-9.876
-4.823
-4.434
-4.01
-2.544
-2.078
-2.359
-3.738
-1.247
-1.93
-2.053
-1.281
